-50.75375767809678	-50.26548245743669	-49.7772072367766
-50.572034940708754	-50.00934983492475	-43.93187728949698
-50.559943041718654	-49.99642204093743	-37.67371167529481
-50.555800760747545	-49.9921214829785	-31.39896920704527
-50.55371207110118	-49.98997713235411	-25.120016940136434
-50.55245371359383	-49.98869296513354	-18.839374157684773
-50.55161277791142	-49.98783799696138	-12.55788475435975
-50.55101115093281	-49.98722790461058	-6.275911166509586
-50.550559420352236	-49.98677067797631	0.006365183455167292
-50.55020777806149	-49.98641526683496	6.288843437202662
-50.54992628057029	-49.98613107312056	12.57146305317664
-50.549695844597395	-49.98589864203989	18.85418549330267
-50.549503733116964	-49.98570501299818	25.136985059960114
-50.54934111990288	-49.98554121869389	31.419843959621318
-50.54920169563326	-49.98540085722134	37.70274948105874
-50.54908083047627	-49.98527923594846	43.985692301808456
-50.54897505014765	-49.985172836775526	50.26866542948648
-50.31590231819681	-44.238429772769045	-43.67574466698504
-50.30344870275008	-43.982297150257104	-37.661145597764126
-50.29922320042068	-43.96974343979321	-31.39473950337784
-50.29710566172119	-43.96551745851224	-25.117897716178714
-50.29583403714614	-43.963399811585106	-18.8381016805013
-50.29498592622165	-43.96212814329303	-12.557036152538291
-50.2943799864176	-43.96128001001955	-6.275304918436225
-50.2939254632721	-43.96067405717198	0.006819912750293718
-50.29357190993577	-43.96021952572528	6.2891971351468445
-50.293289047500714	-43.959865966769904	12.571746020935995
-50.29305760284244	-43.95958310035077	18.854417017038173
-50.292864724945574	-43.959351652763296	25.137177998733424
-50.2927015157868	-43.95915877264898	31.420007216639924
-50.292561618998185	-43.958995561770706	37.702889416152615
-50.292440372877905	-43.958855663621534	43.98581357906275
-50.29233428093115	-43.95873441640608	50.26877154708013
-50.290882625219396	-37.968172259576775	-37.40465125879555
-50.28666948995678	-37.71166555354141	-31.382185792913948
-50.28455191978732	-37.69911184307752	-25.113671766367716
-50.28328027290322	-37.69488590062751	-18.83598404852223
-50.28243215000593	-37.6927682727244	-12.555764492143046
-50.28182620323029	-37.69149661467326	-6.274456789790245
-50.281371675702054	-37.6906484874777	0.0074258626655478435
-50.28101811943962	-37.69004253851713	6.289651664622132
-50.28073525495677	-37.68958800970197	12.572099578503707
-50.28050380881053	-37.68923445260911	18.854699882444187
-50.280310929799	-37.688951587555785	25.137409445558927
-50.280147719783855	-37.688720140999294	31.420200096166877
-50.280007822323206	-37.68852726168214	37.703052626568656
-50.27988657566593	-37.688364051432835	43.98595347684166
-50.27978048328334	-37.68822415378862	50.26889279399444
-50.28243978628935	-31.689287510356124	-31.125608232587076
-50.28032596997632	-31.4327062276428	-25.101118024433845
-50.27905433045322	-31.420152478347934	-18.831758106072225
-50.27820620689302	-31.41592653589793	-12.553646864902843
-50.27760025939024	-31.413808908921315	-6.273185132202654
-50.27714573135658	-31.412537251534182	0.008273989556145538
-50.27679217474892	-31.411689124782637	6.2902576133765224
-50.27650931002396	-31.41108317612577	12.572554107174284
-50.276277863702624	-31.41062864752545	18.855053439432208
-50.27608498456079	-31.410275090589447	25.13769231053396
-50.27592177444623	-31.4099922256539	31.420431542663447
-50.275781876908106	-31.409760779187962	37.703245505838964
-50.27566063018931	-31.40956789994187	43.98611668705366
-50.27555453775709	-31.40940468974933	50.26903269160849
-50.2782067460186	-25.408246553800925	-24.844511615053857
-50.27693669847415	-25.15163856739034	-18.819204341829302
-50.276088579652814	-25.139084799071462	-12.549420921789928
-50.27548263241362	-25.13485885569496	-6.271067505226039
-50.27502810432733	-25.132741228718345	0.009545646890643314
-50.2746745476471	-25.131469571410502	6.2911057400821555
-50.274391682862806	-25.130621444729393	12.573160055796336
-50.27416023649618	-25.130015496126624	18.85550796800653
-50.27396735731992	-25.129560967567098	25.138045867450327
-50.27380414717889	-25.12920741066213	31.42071440758392
-50.273664249620076	-25.128924545750557	37.70347695229312
-50.27354300288487	-25.12869309930345	43.98630956629039
-50.273436910439436	-25.128500220072382	50.26919590179347
-50.275664221290675	-19.12634541384191	-18.562584665381618
-50.27481691925757	-18.869724928502837	-12.536867145574213
-50.27421097482603	-18.857171149943014	-6.266841561385992
-50.273756446992834	-18.852945205902508	0.011663273919896225
-50.27340289033926	-18.8508275788466	6.292377397389998
-50.27312002554713	-18.84955592153876	12.574008182469612
-50.27288857916805	-18.848707794870048	18.856113916601405
-50.2726956999804	-18.848101846279942	25.13850039600324
-50.272532489829956	-18.847647317731134	31.42106796448357
-50.27239259226352	-18.84729376083485	37.70375981720044
-50.272271345522164	-18.847010895930264	43.98654101273409
-50.272165253071734	-18.846779449488796	50.269388781021775
-50.273968317436115	-12.844015074834484	-12.280240293884438
-50.27336284618005	-12.587387754596726	-6.254287778198672
-50.27290832010224	-12.574833969958988	0.015889218265362288
-50.27255476363363	-12.570608025474469	6.294495024491818
-50.27227189887385	-12.568490398348125	12.57527983978529
-50.27204045249933	-12.567218741027883	18.856962043270116
-50.27184757331	-12.566370614359172	25.139106344591653
-50.27168436315658	-12.565764665771846	31.42152249303049
-50.271544465587205	-12.565310137226165	37.70411337409502
-50.27142321884325	-12.564956580332728	43.98682387763722
-50.27131712639062	-12.564673715430578	50.26962022746203
-50.27275659810669	-6.561439860005701	-5.99765661368347
-50.272302370186985	-6.304808400264708	0.028443005835416594
-50.27194881487924	-6.292254611739974	6.298720969182519
-50.2716659502518	-6.288028666951748	12.577397466946445
-50.27143450390446	-6.285911039771306	18.858233700598248
-50.27124162472159	-6.284639382438402	25.139954471262058
-50.27107841456925	-6.283791255766913	31.42212844161782
-50.27093851699941	-6.283185307179586	37.704567902640235
-50.27081727025457	-6.282730778634696	43.98717743453009
-50.270711177801005	-6.282377221742219	50.269903092363634
-50.271847640891856	-0.2787117794603792	0.2850769629155467
-50.271494285403946	-0.022077624531822434	6.311274759678666
-50.27121142158122	-0.009523833375542938	12.58162341187925
-50.270979975330135	-0.005297888372482794	18.86035132780469
-50.270787096168675	-0.0031802611512471283	25.141226128601573
-50.27062388602233	-0.0019086038076251508	31.422976568291197
-50.270483988454195	-0.0010604771330084521	37.70517385122803
-50.270362741709675	-0.00045452854488998247	43.98763196307498
-50.270256649255955	-1.1376420829021786e-22	50.270256649255955
-50.27114058745977	6.004118116577857	6.56791062780439
-50.270857864013514	6.260754123692384	12.594177204423199
-50.27062641834212	6.273307916711174	18.8645772729126
-50.2704335392523	6.277533861871103	25.14334375584244
-50.27027032912268	6.2796514891233715	31.424248225640135
-50.270130431559615	6.280923146475678	37.70602197790435
-50.27000918481681	6.281771273153142	43.98823791166367
-50.269903092363634	6.282377221742219	50.270711177801005
-50.27057489625416	12.287019230043043	12.850814437492769
-50.270343552936104	12.543656564452837	18.877131066944507
-50.27015067427727	12.556210358837442	25.147569701080656
-50.26998746420221	12.560436304115143	31.426365852907477
-50.269847566652295	12.562553931391385	37.70729363526091
-50.26972631991367	12.563825588750678	43.98908603834258
-50.26962022746203	12.564673715430578	50.27131712639062
-50.2701120292006	18.56997210614198	19.13376930869945
-50.269919227451766	18.826610424044954	25.16012349622723
-50.26975601770564	18.839164219460535	31.4305917982451
-50.26961612019814	18.84339016482879	37.70941126254893
-50.269494873469974	18.845507792123865	43.990357695705285
-50.269388781021775	18.846779449488796	50.272165253071734
-50.269726288678456	24.852963784279837	25.416762504398623
-50.26956313817868	25.10960285111023	31.44314559424804
-50.26942324092783	25.122156647322967	37.713637207964034
-50.269301994233246	25.126382592762283	43.99247532300972
-50.26919590179347	25.128500220072382	50.273436910439436
-50.269399881160076	31.135985297155177	31.699785198364072
-50.26926003051179	31.39262494741153	37.72619100463901
-50.269138784021244	31.40517874425325	43.99670126848634
-50.26903269160849	31.40940468974933	50.27555453775709
-50.26912009541791	37.41903024286217	37.982831081274085
-50.268998886242336	37.67567035644195	44.00925506569832
-50.26889279399444	37.68822415378862	50.27978048328334
-50.26887760898804	43.702093928768875	44.265895523296685
-50.26877154708013	43.95873441640608	50.29233428093115
-50.26866542948648	49.985172836775526	50.54897505014765
-44.470572370917196	-43.982297150257104	-43.49402192959701
-44.28884963352917	-43.72616452774516	-37.648691982317395
-44.27675773453907	-43.713236733757846	-31.390526368115225
-44.27261545356796	-43.70893617579891	-25.115783899865683
-44.270526763921595	-43.70679182517453	-18.83683163295685
-44.26926840641424	-43.70550765795395	-12.556188850505185
-44.26842747073184	-43.704652689781796	-6.274699447180164
-44.26782584375322	-43.70404259743099	0.0072741406700012065
-44.26737411317265	-43.70358537079672	6.289550490634754
-44.267022470881905	-43.703229959655374	12.572028744382248
-44.266740973390704	-43.702945765940974	18.854648360356226
-44.26651053741781	-43.702713334860306	25.137370800482255
-44.266318425937385	-43.702519705818595	31.4201703671397
-44.26615581272329	-43.7023559115143	37.703029266800904
-44.26601638845367	-43.70221555004176	43.98593478823833
-44.265895523296685	-43.702093928768875	50.26887760898804
-44.032717011017226	-37.95524446558946	-37.39255935980545
-44.020263395570495	-37.69911184307752	-31.377960290584543
-44.01603789324109	-37.68655813261363	-25.111554196198252
-44.013920354541604	-37.68233215133265	-18.834712408999128
-44.01264872996656	-37.68021450440552	-12.554916373321712
-44.01180061904206	-37.67894283611344	-6.273850845358706
-44.01119467923802	-37.678094702839964	0.00788038874336113
-44.01074015609252	-37.67748874999239	6.29000521992988
-44.010386602756185	-37.67703421854569	12.57238244232643
-44.01010374032113	-37.67668065959032	18.854931328115583
-44.00987229566285	-37.67639779317118	25.13760232421776
-44.00967941776599	-37.67616634558371	31.42036330591301
-44.00951620860722	-37.6759734654694	37.70319252381951
-44.0093763118186	-37.67581025459112	43.9860747233322
-44.00925506569832	-37.67567035644195	50.268998886242336
-44.00769731803981	-31.684986952397193	-31.121465951615964
-44.00348418277719	-31.428480246361826	-25.09900048573436
-44.00136661260773	-31.41592653589793	-18.83048645918813
-44.00009496572363	-31.41170059344793	-12.552798741342645
-43.999246842826345	-31.409582965544814	-6.272579184963459
-43.998640896050695	-31.408311307493676	0.00872851738934083
-43.99818636852247	-31.407463180298116	6.290611169845133
-43.997832812260036	-31.406857231337543	12.572836971801717
-43.99754994777718	-31.40640270252239	18.855284885683293
-43.99731850163095	-31.406049145429517	25.137885189623773
-43.997125622619414	-31.4057662803762	31.420594752738513
-43.99696241260427	-31.40553483381971	37.703385403346466
-43.99682251514362	-31.405341954502553	43.98623793374824
-43.99670126848634	-31.40517874425325	50.269138784021244
-43.999254479109766	-25.406102203176538	-24.84242292540749
-43.99714066279674	-25.149520920463214	-18.817932717254262
-43.995869023273634	-25.136967171168347	-12.548572798892641
-43.99502089971343	-25.132741228718345	-6.270461557723256
-43.994414952210654	-25.13062360174173	0.010000174976931599
-43.993960424177	-25.129351944354596	6.291459296735733
-43.99360686756933	-25.12850381760305	12.573442920556108
-43.993324002844375	-25.127897868946185	18.85573941435387
-43.99309255652304	-25.127443340345863	25.138238746611794
-43.992899677381196	-25.12708978340986	31.420877617713547
-43.992736467266646	-25.126806918474315	37.70361684984304
-43.99259656972852	-25.126575472008376	43.98643081301855
-43.99247532300972	-25.126382592762283	50.269301994233246
-43.99502143883901	-19.12506124662134	-18.56132630787427
-43.993751391294566	-18.868453260210753	-12.536019034649717
-43.99290327247323	-18.855899491891876	-6.266235614610342
-43.992297325234034	-18.851673548515375	0.01211780195354844
-43.99184279714775	-18.84955592153876	6.29273095407023
-43.991489240467516	-18.84828426423092	12.574291047261742
-43.99120637568322	-18.847436137549806	18.856345362975922
-43.99097492931659	-18.846830188947038	25.138693275186117
-43.99078205014033	-18.846375660387512	31.421231174629913
-43.99061883999931	-18.846022103482543	37.7038997147635
-43.99047894244049	-18.84573923857097	43.98666225947271
-43.990357695705285	-18.845507792123865	50.269494873469974
-43.99247891411109	-12.843160106662326	-12.279399358202031
-43.99163161207799	-12.58653962132325	-6.253681838394628
-43.99102566764645	-12.573985842763426	0.016343745793595633
-43.99057113981325	-12.569759898722923	6.294848581099483
-43.99021758315968	-12.567642271667014	12.575562704569585
-43.98993471836754	-12.566370614359172	18.857193489649198
-43.98970327198846	-12.565522487690462	25.13929922378099
-43.98951039280082	-12.564916539100357	31.42168570318283
-43.98934718265037	-12.564462010551548	37.704253271663156
-43.989207285083936	-12.564108453655265	43.98694512438003
-43.98908603834258	-12.563825588750678	50.26972631991367
-43.99078301025653	-6.560829767654898	-5.997054986704852
-43.99017753900046	-6.304202447417139	0.02889752898091378
-43.98972301292265	-6.291648662779401	6.299074525444947
-43.98936945645404	-6.287422718294882	12.577680331671402
-43.98908659169427	-6.2853050911685395	18.85846514696488
-43.98885514531975	-6.284033433848297	25.140147350449702
-43.98866226613041	-6.283185307179586	31.42229165177124
-43.98849905597699	-6.282579358592259	37.70470780021008
-43.98835915840762	-6.282124830046578	43.98729868127461
-43.98823791166367	-6.281771273153142	50.27000918481681
-43.9895712909271	-0.2782545528261148	0.28552869349611637
-43.9891170630074	-0.021623093085121906	6.311628313015002
-43.98876350769965	-0.009069304560387815	12.581906276362105
-43.988480643072215	-0.004843359772161348	18.86058277412603
-43.98824919672487	-0.0027257325917196453	25.141419007777834
-43.988056317542004	-0.0014540752588157863	31.423139778441644
-43.98789310738967	-0.0006059485873268341	37.7053137487974
-43.98775320981982	1.9487672016378663e-22	43.98775320981982
-43.98763196307498	0.00045452854488998247	50.270362741709675
-43.98866233371227	6.004473527719207	6.568262270095133
-43.98830897822436	6.261107682647763	12.594460066858254
-43.988026114401634	6.273661473804044	18.864808719058836
-43.987794668150556	6.277887418807103	25.143536634984276
-43.98760178898909	6.280005046028339	31.42441143578116
-43.98743857884274	6.281276703371962	37.706161875470784
-43.98729868127461	6.282124830046578	43.98835915840762
-43.98717743453009	6.282730778634696	50.27081727025457
-43.987955280280175	12.287303423757457	12.851095934983963
-43.98767255683393	12.54393943087197	18.877362511602783
-43.98744111116253	12.55649322389076	25.147762580092188
-43.987248232072716	12.56071916905069	31.426529063022027
-43.987085021943095	12.562836796302957	37.70743353281972
-43.98694512438003	12.564108453655265	43.989207285083936
-43.98682387763722	12.564956580332728	50.27142321884325
-43.987389589074574	18.57020453722264	19.133999744672348
-43.98715824575652	18.826841871632425	25.160316374124093
-43.98696536709768	18.839395666017026	31.430755008260242
-43.98680215702262	18.84362161129473	37.70955116008707
-43.98666225947271	18.84573923857097	43.99047894244049
-43.98654101273409	18.847010895930264	50.272271345522164
-43.98692672202101	24.853157413321565	25.416954615879035
-43.98673392027218	25.10979573122454	31.443308803406815
-43.98657071052605	25.12234952664012	37.71377710542468
-43.98643081301855	25.126575472008376	43.99259656972852
-43.98630956629039	25.12869309930345	50.27354300288487
-43.98654098149887	31.136149091459504	31.699947811578127
-43.986377830999096	31.392788158289815	37.72633090142763
-43.98623793374824	31.405341954502553	43.99682251514362
-43.98611668705366	31.40956789994187	50.27566063018931
-43.98621457398049	37.41917060433472	37.982970505543705
-43.9860747233322	37.67581025459112	44.0093763118186
-43.98595347684166	37.688364051432835	50.27988657566593
-43.98593478823833	43.70221555004176	44.26601638845367
-43.98581357906275	43.958855663621534	50.292440372877905
-43.985692301808456	49.98527923594846	50.54908083047627
-38.18738706373761	-37.69911184307752	-37.210836622417425
-38.00566432634958	-37.442979220565576	-31.36550667513781
-37.99357242735948	-37.43005142657825	-25.10734106093564
-37.98943014638837	-37.425750868619325	-18.832598592686097
-37.98734145674201	-37.42360651799494	-12.553646325777263
-37.986083099234655	-37.422322350774365	-6.2730035433256
-37.98524216355225	-37.4214673826022	0.008485859999421504
-37.984640536573636	-37.420857290251405	6.290459447849586
-37.984188805993064	-37.42040006361714	12.57273579781434
-37.98383716370232	-37.42004465247579	18.855214051561834
-37.98355566621112	-37.41976045876139	25.137833667535812
-37.98332523023822	-37.41952802768072	31.42055610766184
-37.98313311875779	-37.41933439863901	37.70335567431929
-37.982970505543705	-37.41917060433472	43.98621457398049
-37.982831081274085	-37.41903024286217	50.26912009541791
-37.74953170383764	-31.672059158409876	-31.109374052625864
-37.73707808839091	-31.41592653589793	-25.094774983404953
-37.732852586061504	-31.403372825434037	-18.82836888901867
-37.73073504736202	-31.399146844153062	-12.551527101819541
-37.72946342278697	-31.397029197225937	-6.2717310661421255
-37.72861531186248	-31.395757528933853	0.00933446182088089
-37.72800937205843	-31.394909395660378	6.291065695922947
-37.72755484891293	-31.39430344281281	12.573190527109467
-37.7272012955766	-31.39384891136611	18.855567749506015
-37.72691843314154	-31.393495352410728	25.13811663529517
-37.726686988483266	-31.393212485991597	31.420787631397346
-37.7264941105864	-31.392981038404127	37.70354861309259
-37.72633090142763	-31.392788158289815	43.986377830999096
-37.72619100463901	-31.39262494741153	50.26926003051179
-37.724512010860224	-25.401801645217606	-24.838280644436377
-37.72029887559761	-25.14529493918224	-18.815815178554775
-37.718181305428146	-25.132741228718345	-12.547301152008542
-37.71690965854405	-25.128515286268343	-6.269613434163057
-37.71606153564676	-25.126397658365228	0.010606122216127325
-37.715455588871116	-25.12512600031409	6.291913824568928
-37.71500106134288	-25.12427787311853	12.573796477024718
-37.71464750508045	-25.123671924157957	18.856022278981303
-37.714364640597594	-25.123217395342802	25.13847019286288
-37.714133194451364	-25.12286383824993	31.42107049680336
-37.71394031543983	-25.122580973196612	37.7037800599181
-37.71377710542468	-25.12234952664012	43.98657071052605
-37.713637207964034	-25.122156647322967	50.26942324092783
-37.71606917193018	-19.12291689599695	-18.559237618227904
-37.71395535561715	-18.866335613283628	-12.534747410074674
-37.71268371609405	-18.85378186398876	-6.265387491713054
-37.711835592533845	-18.84955592153876	0.012723749456330384
-37.71122964503107	-18.847438294562142	6.2931854821565185
-37.71077511699741	-18.84616663717501	12.574644603915319
-37.71042156038975	-18.845318510423464	18.856628227735694
-37.71013869566479	-18.8447125617666	25.138924721533456
-37.70990724934345	-18.844258033166277	31.42142405379138
-37.70971437020162	-18.843904476230275	37.70406292489313
-37.70955116008707	-18.84362161129473	43.98680215702262
-37.70941126254893	-18.84339016482879	50.26961612019814
-37.711836131659425	-12.841875939441751	-12.278141000694685
-37.71056608411498	-12.585267953031169	-6.252833727470131
-37.70971796529364	-12.57271418471229	0.016949692569243138
-37.70911201805445	-12.568488241335789	6.295303109133134
-37.70865748996816	-12.566370614359172	12.575916261249816
-37.70830393328793	-12.565098957051331	18.857476354441328
-37.70802106850363	-12.564250830370218	25.13953067015551
-37.70778962213701	-12.563644881767452	31.421878582365704
-37.707596742960746	-12.563190353207926	37.7044164818095
-37.70743353281972	-12.562836796302957	43.987085021943095
-37.70729363526091	-12.562553931391385	50.269847566652295
-37.7092936069315	-6.55997479948274	-5.996214051022446
-37.708446304898395	-6.303354314143664	0.029503468784957534
-37.70784036046686	-6.29080053558384	6.299529052973181
-37.70738583263366	-6.286574591543335	12.578033888279068
-37.70703227598009	-6.284456964487428	18.85874801174917
-37.70674941118796	-6.283185307179586	25.140378796828784
-37.706517964808874	-6.282337180510876	31.422484530960578
-37.70632508562123	-6.28173123192077	37.70487101036242
-37.706161875470784	-6.281276703371962	43.98743857884274
-37.70602197790435	-6.280923146475678	50.270130431559615
-37.70759770307694	-0.2776444604753119	0.28613032047473363
-37.70699223182088	-0.021017140237553227	6.312082836160501
-37.70653770574307	-0.008463355599814672	12.582259832624533
-37.706184149274456	-0.004237411115295408	18.86086563885099
-37.70590128451468	-0.0021197839889536474	25.141650454144465
-37.70566983814016	-0.0008481266687106407	31.423332657629288
-37.705476958950825	-1.5824927702464063e-25	37.705476958950825
-37.7053137487974	0.0006059485873268341	43.98789310738967
-37.70517385122803	0.0010604771330084521	50.270483988454195
-37.706385983747516	6.004930754353471	6.568714000675702
-37.70593175582781	6.2615622140944645	12.59481362019459
-37.705578200520065	6.274116002619198	18.86509158354169
-37.70529533589263	6.278341947407425	25.143768081305616
-37.705063889545286	6.280459574587867	31.42460431495742
-37.70487101036242	6.28173123192077	37.70632508562123
-37.70470780021008	6.282579358592259	43.98849905597699
-37.704567902640235	6.283185307179586	50.27093851699941
-37.705477026532684	12.287658834898796	12.851447577274717
-37.705123671044774	12.54429298982735	18.87764537403784
-37.70484080722205	12.55684678098363	25.147994026238422
-37.70460936097097	12.561072725986689	31.426721942163862
-37.7044164818095	12.563190353207926	37.707596742960746
-37.704253271663156	12.564462010551548	43.98934718265037
-37.70411337409502	12.565310137226165	50.271544465587205
-37.704769973100596	18.57048873093703	19.134281242163564
-37.70448724965434	18.827124738051555	25.16054781878237
-37.704255803982946	18.839678531070344	31.430947887271774
-37.70406292489313	18.843904476230275	37.70971437020162
-37.7038997147635	18.846022103482543	43.99061883999931
-37.70375981720044	18.84729376083485	50.27239259226352
-37.70420428189499	24.853389844402226	25.417185051851934
-37.70397293857693	25.110027178812008	31.44350168130368
-37.7037800599181	25.122580973196612	37.71394031543983
-37.70361684984304	25.126806918474315	43.992736467266646
-37.70347695229312	25.128924545750557	50.273664249620076
-37.70374141484143	31.136342720501133	31.700139923058636
-37.70354861309259	31.392981038404127	37.7264941105864
-37.703385403346466	31.40553483381971	43.99696241260427
-37.703245505838964	31.409760779187962	50.275781876908106
-37.70335567431929	37.41933439863901	37.98313311875779
-37.70319252381951	37.6759734654694	44.00951620860722
-37.703052626568656	37.68852726168214	50.280007822323206
-37.703029266800904	43.7023559115143	44.26615581272329
-37.702889416152615	43.958995561770706	50.292561618998185
-37.70274948105874	49.98540085722134	50.54920169563326
-31.904201756558024	-31.41592653589793	-30.92765131523784
-31.72247901917	-31.159793913385986	-25.082321367958222
-31.7103871201799	-31.14686611939867	-18.824155753756052
-31.706244839208786	-31.14256556143974	-12.549413285506512
-31.70415614956242	-31.14042121081535	-6.270461018597676
-31.702897792055072	-31.13913704359478	0.010181763853987263
-31.702056856372664	-31.13828207542262	6.291671167179008
-31.701455229394046	-31.137671983071815	12.573644755029173
-31.701003498813478	-31.13721475643755	18.85592110499393
-31.700651856522736	-31.1368593452962	25.13839935874142
-31.700370359031528	-31.136575151581802	31.4210189747154
-31.700139923058636	-31.136342720501133	37.70374141484143
-31.699947811578127	-31.136149091459504	43.98654098149887
-31.699785198364072	-31.135985297155177	50.269399881160076
-31.466346396658054	-25.38887385123029	-24.826188745446277
-31.45389278121132	-25.132741228718345	-18.81158967622537
-31.449667278881915	-25.12018751825445	-12.545183581839082
-31.44754974018243	-25.115961536973476	-6.268341794639955
-31.446278115607385	-25.11384389004635	0.011454241037460195
-31.445430004682887	-25.112572221754267	6.292519769000467
-31.444824064878844	-25.11172408848079	12.574251003102534
-31.444369541733348	-25.111118135633223	18.856375834289054
-31.444015988397013	-25.110663604186524	25.1387530566856
-31.44373312596196	-25.11031004523114	31.421301942474752
-31.44350168130368	-25.110027178812008	37.70397293857693
-31.443308803406815	-25.10979573122454	43.98673392027218
-31.44314559424804	-25.10960285111023	50.26956313817868
-31.441326703680637	-19.11861633803802	-18.55509533725679
-31.437113568418024	-18.862109632002653	-12.532629871375187
-31.434995998248564	-18.84955592153876	-6.264115844828955
-31.433724351364464	-18.845329979088756	0.013571873016528124
-31.432876228467176	-18.84321235118564	6.293791429395713
-31.432270281691526	-18.841940693134504	12.575099131748514
-31.431815754163292	-18.841092565938943	18.856981784204308
-31.431462197900863	-18.84048661697837	25.13920758616089
-31.431179333418008	-18.840032088163216	31.421655500042466
-31.430947887271774	-18.839678531070344	37.704255803982946
-31.430755008260242	-18.839395666017026	43.98696536709768
-31.4305917982451	-18.839164219460535	50.26975601770564
-31.432883864750593	-12.839731588817365	-12.276052311048318
-31.430770048437562	-12.58315030610404	-6.251562102895088
-31.42949840891446	-12.570596556809177	0.017797815466531555
-31.42865028535426	-12.566370614359172	6.2959090566359155
-31.428044337851478	-12.564252987382558	12.576370789336105
-31.427589809817828	-12.562981329995422	18.857829911094903
-31.42723625321016	-12.562133203243878	25.13981353491528
-31.426953388485202	-12.561527254587011	31.422110028713043
-31.426721942163862	-12.561072725986689	37.70460936097097
-31.426529063022027	-12.56071916905069	43.987248232072716
-31.426365852907477	-12.560436304115143	50.26998746420221
-31.428650824479842	-6.558690632262165	-5.994955693515098
-31.42738077693539	-6.3020826458515815	0.03035157970945639
-31.42653265811406	-6.289528877532702	6.300134999748829
-31.42592671087486	-6.285302934156202	12.57848841631272
-31.425472182788575	-6.283185307179586	18.859101568429402
-31.425118626108343	-6.281913649871744	25.140661661620914
-31.42483576132405	-6.281065523190633	31.422715977335095
-31.42460431495742	-6.280459574587867	37.705063889545286
-31.42441143578116	-6.280005046028339	43.98760178898909
-31.424248225640135	-6.2796514891233715	50.27027032912268
-31.42610829975192	-0.2767894923031534	0.2869712561571402
-31.425260997718812	-0.020169006964077637	6.312688775964544
-31.424655053287275	-0.0076152284042536435	12.582714360152767
-31.424200525454076	-0.003389284363750393	18.861219195458656
-31.4238469688005	-0.0012716573078416788	25.141933318928757
-31.42356410400837	1.8391743679645288e-22	31.42356410400837
-31.423332657629288	0.0008481266687106407	37.70566983814016
-31.423139778441644	0.0014540752588157863	43.988056317542004
-31.422976568291197	0.0019086038076251508	50.27062388602233
-31.424412395897352	6.005540846704277	6.569315627654318
-31.42380692464129	6.2621681669420335	12.595268143340085
-31.423352398563477	6.274721951579772	18.86544513980412
-31.422998842094866	6.278947896064291	25.144050946030575
-31.422715977335095	6.281065523190633	31.42483576132405
-31.422484530960578	6.282337180510876	37.706517964808874
-31.42229165177124	6.283185307179586	43.98866226613041
-31.42212844161782	6.283791255766913	50.27107841456925
-31.42320067656793	12.288116061533058	12.851899307855287
-31.422746448648226	12.54474752127405	18.877998927374176
-31.422392893340476	12.557301309798785	25.148276890721277
-31.422110028713043	12.561527254587011	31.426953388485202
-31.421878582365704	12.563644881767452	37.70778962213701
-31.42168570318283	12.564916539100357	43.98951039280082
-31.42152249303049	12.565764665771846	50.27168436315658
-31.422291719353098	18.570844142078382	19.1346328844543
-31.421938363865188	18.827478297006934	25.160830681217426
-31.421655500042466	18.840032088163216	31.431179333418008
-31.42142405379138	18.844258033166277	37.70990724934345
-31.421231174629913	18.846375660387512	43.99078205014033
-31.42106796448357	18.847647317731134	50.272532489829956
-31.421584665921007	24.85367403811663	25.417466549343136
-31.421301942474752	25.11031004523114	31.44373312596196
-31.42107049680336	25.12286383824993	37.714133194451364
-31.420877617713547	25.12708978340986	43.992899677381196
-31.42071440758392	25.12920741066213	50.27380414717889
-31.4210189747154	31.136575151581802	31.700370359031528
-31.420787631397346	31.393212485991597	37.726686988483266
-31.420594752738513	31.4057662803762	43.997125622619414
-31.420431542663447	31.4099922256539	50.27592177444623
-31.42055610766184	37.41952802768072	37.98332523023822
-31.42036330591301	37.67616634558371	44.00967941776599
-31.420200096166877	37.688720140999294	50.280147719783855
-31.4201703671397	43.702519705818595	44.266318425937385
-31.420007216639924	43.95915877264898	50.2927015157868
-31.419843959621318	49.98554121869389	50.54934111990288
-25.621016449378438	-25.132741228718345	-24.644466008058252
-25.439293711990413	-24.8766086062064	-18.799136060778636
-25.427201813000313	-24.863680812219084	-12.540970446576466
-25.4230595320292	-24.859380254260152	-6.266227978326925
-25.420970842382832	-24.857235903635765	0.012724288581909512
-25.419712484875486	-24.855951736415193	6.293367071033573
-25.418871549193078	-24.855096768243033	12.574856474358596
-25.41826992221446	-24.85448667589223	18.85683006220876
-25.41781819163389	-24.854029449257965	25.139106412173515
-25.417466549343136	-24.85367403811663	31.421584665921007
-25.417185051851934	-24.853389844402226	37.70420428189499
-25.416954615879035	-24.853157413321565	43.98692672202101
-25.416762504398623	-24.852963784279837	50.269726288678456
-25.183161089478467	-19.105688544050704	-18.54300343826669
-25.170707474031733	-18.84955592153876	-12.528404369045782
-25.16648197170233	-18.837002211074864	-6.261998274659495
-25.16436443300284	-18.832776229793893	0.014843512539630618
-25.163092808427802	-18.830658582866764	6.294639548217046
-25.162244697503304	-18.82938691457468	12.575705076180052
-25.161638757699258	-18.828538781301205	18.85743631028212
-25.16118423455376	-18.827932828453637	25.13956114146864
-25.160830681217426	-18.827478297006934	31.421938363865188
-25.16054781878237	-18.827124738051555	37.70448724965434
-25.160316374124093	-18.826841871632425	43.98715824575652
-25.16012349622723	-18.826610424044954	50.269919227451766
-25.15814139650105	-12.835431030858434	-12.271910030077205
-25.153928261238434	-12.578924324823065	-6.249444564195601
-25.151810691068974	-12.566370614359172	0.019069462350629687
-25.150539044184878	-12.562144671909168	6.296757180196114
-25.14969092128759	-12.560027044006056	12.5769767365753
-25.14908497451194	-12.55875538595492	18.858284438928102
-25.148630446983706	-12.557907258759357	25.14016709138389
-25.148276890721277	-12.557301309798785	31.422392893340476
-25.147994026238422	-12.55684678098363	37.70484080722205
-25.147762580092188	-12.55649322389076	43.98744111116253
-25.147569701080656	-12.556210358837442	50.27015067427727
-25.149698557571007	-6.55654628163778	-5.992867003868732
-25.147584741257976	-6.2999649989244535	0.0316232042844987
-25.146313101734872	-6.2874112496295895	6.300983122646118
-25.145464978174676	-6.283185307179586	12.579094363815503
-25.144859030671892	-6.28106768020297	18.85955609651569
-25.144404502638242	-6.279796022815836	25.14101521827449
-25.144050946030575	-6.278947896064291	31.422998842094866
-25.143768081305616	-6.278341947407425	37.70529533589263
-25.143536634984276	-6.277887418807103	43.987794668150556
-25.14334375584244	-6.277533861871103	50.2704335392523
-25.145465517300256	-0.27550532508257874	0.2882296136644885
-25.144195469755807	-0.018897338671995202	6.313536886889042
-25.143347350934473	-0.0063435703531136345	12.583320306928414
-25.142741403695275	-0.00211762697661622	18.861673723492306
-25.14228687560899	2.7681003548742397e-24	25.14228687560899
-25.141933318928757	0.0012716573078416788	31.4238469688005
-25.141650454144465	0.0021197839889536474	37.70590128451468
-25.141419007777834	0.0027257325917196453	43.98824919672487
-25.141226128601573	0.0031802611512471283	50.270787096168675
-25.14292299257233	6.006395814876433	6.5701565633367265
-25.142075690539226	6.263016300215508	12.59587408314413
-25.141469746107685	6.275570078775333	18.865899667332354
-25.14101521827449	6.279796022815836	25.144404502638242
-25.140661661620914	6.281913649871744	31.425118626108343
-25.140378796828784	6.283185307179586	37.70674941118796
-25.140147350449702	6.284033433848297	43.98885514531975
-25.139954471262058	6.284639382438402	50.27124162472159
-25.141227088717766	12.288726153883863	12.852500934833905
-25.140621617461704	12.54535347412162	18.87845345051967
-25.14016709138389	12.557907258759357	25.148630446983706
-25.13981353491528	12.562133203243878	31.42723625321016
-25.13953067015551	12.564250830370218	37.70802106850363
-25.13929922378099	12.565522487690462	43.98970327198846
-25.139106344591653	12.566370614359172	50.27184757331
-25.140015369388344	18.571301368712643	19.135084615034874
-25.13956114146864	18.827932828453637	25.16118423455376
-25.13920758616089	18.84048661697837	31.431462197900863
-25.138924721533456	18.8447125617666	37.71013869566479
-25.138693275186117	18.846830188947038	43.99097492931659
-25.13850039600324	18.848101846279942	50.2726956999804
-25.139106412173515	24.854029449257965	25.41781819163389
-25.1387530566856	25.110663604186524	31.444015988397013
-25.13847019286288	25.123217395342802	37.714364640597594
-25.138238746611794	25.127443340345863	43.99309255652304
-25.138045867450327	25.129560967567098	50.27396735731992
-25.13839935874142	31.1368593452962	31.700651856522736
-25.13811663529517	31.393495352410728	37.72691843314154
-25.137885189623773	31.406049145429517	43.99731850163095
-25.13769231053396	31.410275090589447	50.27608498456079
-25.137833667535812	37.41976045876139	37.98355566621112
-25.13760232421776	37.67639779317118	44.00987229566285
-25.137409445558927	37.688951587555785	50.280310929799
-25.137370800482255	43.702713334860306	44.26651053741781
-25.137177998733424	43.959351652763296	50.292864724945574
-25.136985059960114	49.98570501299818	50.549503733116964
-19.337831142198837	-18.84955592153876	-18.36128070087868
-19.156108404810826	-18.593423299026814	-12.51595075359905
-19.144016505820726	-18.580495505039497	-6.257785139396881
-19.139874224849613	-18.576194947080566	0.0169573288526601
-19.137785535203246	-18.57405059645618	6.295909595761495
-19.1365271776959	-18.572766429235607	12.57655237821316
-19.13568624201349	-18.57191146106345	18.85804178153818
-19.135084615034874	-18.571301368712643	25.140015369388344
-19.1346328844543	-18.570844142078382	31.422291719353098
-19.134281242163564	-18.57048873093703	37.704769973100596
-19.133999744672348	-18.57020453722264	43.987389589074574
-19.13376930869945	-18.56997210614198	50.2701120292006
-18.89997578229888	-12.822503236871118	-12.259818131087107
-18.887522166852147	-12.566370614359172	-6.245219061866198
-18.883296664522742	-12.55381690389528	0.02118703252009154
-18.881179125823255	-12.549590922614305	6.298028819719217
-18.879907501248216	-12.547473275687178	12.577824855396633
-18.879059390323718	-12.546201607395094	18.85889038335964
-18.87845345051967	-12.54535347412162	25.140621617461704
-18.877998927374176	-12.54474752127405	31.422746448648226
-18.87764537403784	-12.54429298982735	37.705123671044774
-18.877362511602783	-12.54393943087197	43.98767255683393
-18.877131066944507	-12.543656564452837	50.270343552936104
-18.874956089321465	-6.552245723678848	-5.9887247228976195
-18.870742954058848	-6.29573901764348	0.03374074298398536
-18.868625383889388	-6.283185307179586	6.302254769530217
-18.86735373700529	-6.278959364729585	12.5799424873757
-18.866505614108	-6.27684173682647	18.860162043754887
-18.865899667332354	-6.275570078775333	25.141469746107685
-18.86544513980412	-6.274721951579772	31.423352398563477
-18.86509158354169	-6.274116002619198	37.705578200520065
-18.864808719058836	-6.273661473804044	43.988026114401634
-18.8645772729126	-6.273307916711174	50.27062641834212
-18.86651325039142	-0.27336097445819174	0.29031830331085356
-18.86439943407839	-0.016779691744867504	6.3148085114640855
-18.863127794555286	-0.004225942450003732	12.584168429825704
-18.86227967099509	5.193271602827413e-24	18.86227967099509
-18.861673723492306	0.00211762697661622	25.142741403695275
-18.861219195458656	0.003389284363750393	31.424200525454076
-18.86086563885099	0.004237411115295408	37.706184149274456
-18.86058277412603	0.004843359772161348	43.988480643072215
-18.86035132780469	0.005297888372482794	50.270979975330135
-18.86228021012067	6.007679982097008	6.571414920844075
-18.861010162576218	6.264287968507591	12.596722194068628
-18.860162043754887	6.27684173682647	18.866505614108
-18.85955609651569	6.28106768020297	25.144859030671892
-18.859101568429402	6.283185307179586	31.425472182788575
-18.85874801174917	6.284456964487428	37.70703227598009
-18.85846514696488	6.2853050911685395	43.98908659169427
-18.858233700598248	6.285911039771306	50.27143450390446
-18.859737685392744	12.289581122056019	12.853341870516314
-18.85889038335964	12.546201607395094	18.879059390323718
-18.858284438928102	12.55875538595492	25.14908497451194
-18.857829911094903	12.562981329995422	31.427589809817828
-18.857476354441328	12.565098957051331	37.70830393328793
-18.857193489649198	12.566370614359172	43.98993471836754
-18.856962043270116	12.567218741027883	50.27204045249933
-18.85804178153818	18.57191146106345	19.13568624201349
-18.85743631028212	18.828538781301205	25.161638757699258
-18.856981784204308	18.841092565938943	31.431815754163292
-18.856628227735694	18.845318510423464	37.71042156038975
-18.856345362975922	18.847436137549806	43.99120637568322
-18.856113916601405	18.848707794870048	50.27288857916805
-18.85683006220876	24.85448667589223	25.41826992221446
-18.856375834289054	25.111118135633223	31.444369541733348
-18.856022278981303	25.123671924157957	37.71464750508045
-18.85573941435387	25.127897868946185	43.993324002844375
-18.85550796800653	25.130015496126624	50.27416023649618
-18.85592110499393	31.13721475643755	31.701003498813478
-18.855567749506015	31.39384891136611	37.7272012955766
-18.855284885683293	31.40640270252239	43.99754994777718
-18.855053439432208	31.41062864752545	50.276277863702624
-18.855214051561834	37.42004465247579	37.98383716370232
-18.854931328115583	37.67668065959032	44.01010374032113
-18.854699882444187	37.68923445260911	50.28050380881053
-18.854648360356226	43.702945765940974	44.266740973390704
-18.854417017038173	43.95958310035077	50.29305760284244
-18.85418549330267	49.98589864203989	50.549695844597395
-13.054645835019265	-12.566370614359172	-12.07809539369908
-12.872923097631238	-12.310237991847229	-6.232765446419464
-12.86083119864114	-12.297310197859911	0.025400167782706158
-12.856688917670025	-12.29300963990098	6.3001426360322474
-12.85460022802366	-12.290865289276594	12.579094902941081
-12.853341870516314	-12.289581122056019	18.859737685392744
-12.852500934833905	-12.288726153883863	25.141227088717766
-12.851899307855287	-12.288116061533058	31.42320067656793
-12.851447577274717	-12.287658834898796	37.705477026532684
-12.851095934983963	-12.287303423757457	43.987955280280175
-12.850814437492769	-12.287019230043043	50.27057489625416
-12.616790475119295	-6.5393179296915305	-5.9766328239075195
-12.604336859672562	-6.283185307179586	0.03796624531338951
-12.600111357343158	-6.270631596715693	6.304372339699678
-12.59799381864367	-6.266405615434719	12.581214126898804
-12.596722194068628	-6.264287968507591	18.861010162576218
-12.59587408314413	-6.263016300215508	25.142075690539226
-12.595268143340085	-6.2621681669420335	31.42380692464129
-12.59481362019459	-6.2615622140944645	37.70593175582781
-12.594460066858254	-6.261107682647763	43.98830897822436
-12.594177204423199	-6.260754123692384	50.270857864013514
-12.591770782141877	-0.26906041649926116	0.29446058428196686
-12.587557646879263	-0.012553710463893608	6.316926050163571
-12.585440076709801	6.7065181633487545e-22	12.585440076709801
-12.584168429825704	0.004225942450003732	18.863127794555286
-12.583320306928414	0.0063435703531136345	25.143347350934473
-12.582714360152767	0.0076152284042536435	31.424655053287275
-12.582259832624533	0.008463355599814672	37.70653770574307
-12.581906276362105	0.009069304560387815	43.98876350769965
-12.58162341187925	0.009523833375542938	50.27121142158122
-12.583327943211833	6.009824332721394	6.57350361049044
-12.581214126898804	6.266405615434719	12.59799381864367
-12.5799424873757	6.278959364729585	18.86735373700529
-12.579094363815503	6.283185307179586	25.145464978174676
-12.57848841631272	6.285302934156202	31.42592671087486
-12.578033888279068	6.286574591543335	37.70738583263366
-12.577680331671402	6.287422718294882	43.98936945645404
-12.577397466946445	6.288028666951748	50.2716659502518
-12.579094902941081	12.290865289276594	12.85460022802366
-12.577824855396633	12.547473275687178	18.879907501248216
-12.5769767365753	12.560027044006056	25.14969092128759
-12.576370789336105	12.564252987382558	31.428044337851478
-12.575916261249816	12.566370614359172	37.70865748996816
-12.575562704569585	12.567642271667014	43.99021758315968
-12.57527983978529	12.568490398348125	50.27227189887385
-12.57655237821316	18.572766429235607	19.1365271776959
-12.575705076180052	18.82938691457468	25.162244697503304
-12.575099131748514	18.841940693134504	31.432270281691526
-12.574644603915319	18.84616663717501	37.71077511699741
-12.574291047261742	18.84828426423092	43.991489240467516
-12.574008182469612	18.84955592153876	50.27312002554713
-12.574856474358596	24.855096768243033	25.418871549193078
-12.574251003102534	25.11172408848079	31.444824064878844
-12.573796477024718	25.12427787311853	37.71500106134288
-12.573442920556108	25.12850381760305	43.99360686756933
-12.573160055796336	25.130621444729393	50.274391682862806
-12.573644755029173	31.137671983071815	31.701455229394046
-12.573190527109467	31.39430344281281	37.72755484891293
-12.572836971801717	31.406857231337543	43.997832812260036
-12.572554107174284	31.41108317612577	50.27650931002396
-12.57273579781434	37.42040006361714	37.984188805993064
-12.57238244232643	37.67703421854569	44.010386602756185
-12.572099578503707	37.68958800970197	50.28073525495677
-12.572028744382248	43.703229959655374	44.267022470881905
-12.571746020935995	43.959865966769904	50.293289047500714
-12.57146305317664	49.98613107312056	50.54992628057029
-6.77146052783968	-6.283185307179586	-5.794910086519493
-6.589737790451653	-6.027052684667642	0.05041986076012231
-6.577645891461553	-6.014124890680325	6.308585474962292
-6.57350361049044	-6.009824332721394	12.583327943211833
-6.571414920844075	-6.007679982097008	18.86228021012067
-6.5701565633367265	-6.006395814876433	25.14292299257233
-6.569315627654318	-6.005540846704277	31.424412395897352
-6.568714000675702	-6.004930754353471	37.706385983747516
-6.568262270095133	-6.004473527719207	43.98866233371227
-6.56791062780439	-6.004118116577857	50.27114058745977
-6.333605167939709	-0.256132622511944	0.306552483272067
-6.321151552492976	-2.8533074773183495e-20	6.321151552492976
-6.316926050163571	0.012553710463893608	12.587557646879263
-6.3148085114640855	0.016779691744867504	18.86439943407839
-6.313536886889042	0.018897338671995202	25.144195469755807
-6.312688775964544	0.020169006964077637	31.425260997718812
-6.312082836160501	0.021017140237553227	37.70699223182088
-6.311628313015002	0.021623093085121906	43.9891170630074
-6.311274759678666	0.022077624531822434	50.271494285403946
-6.308585474962292	6.014124890680325	6.577645891461553
-6.304372339699678	6.270631596715693	12.600111357343158
-6.302254769530217	6.283185307179586	18.868625383889388
-6.300983122646118	6.2874112496295895	25.146313101734872
-6.300134999748829	6.289528877532702	31.42653265811406
-6.299529052973181	6.29080053558384	37.70784036046686
-6.299074525444947	6.291648662779401	43.98972301292265
-6.298720969182519	6.292254611739974	50.27194881487924
-6.3001426360322474	12.29300963990098	12.856688917670025
-6.298028819719217	12.549590922614305	18.881179125823255
-6.296757180196114	12.562144671909168	25.150539044184878
-6.2959090566359155	12.566370614359172	31.42865028535426
-6.295303109133134	12.568488241335789	37.70911201805445
-6.294848581099483	12.569759898722923	43.99057113981325
-6.294495024491818	12.570608025474469	50.27255476363363
-6.295909595761495	18.57405059645618	19.137785535203246
-6.294639548217046	18.830658582866764	25.163092808427802
-6.293791429395713	18.84321235118564	31.432876228467176
-6.2931854821565185	18.847438294562142	37.71122964503107
-6.29273095407023	18.84955592153876	43.99184279714775
-6.292377397389998	18.8508275788466	50.27340289033926
-6.293367071033573	24.855951736415193	25.419712484875486
-6.292519769000467	25.112572221754267	31.445430004682887
-6.291913824568928	25.12512600031409	37.715455588871116
-6.291459296735733	25.129351944354596	43.993960424177
-6.2911057400821555	25.131469571410502	50.2746745476471
-6.291671167179008	31.13828207542262	31.702056856372664
-6.291065695922947	31.394909395660378	37.72800937205843
-6.290611169845133	31.407463180298116	43.99818636852247
-6.2902576133765224	31.411689124782637	50.27679217474892
-6.290459447849586	37.420857290251405	37.984640536573636
-6.29000521992988	37.67748874999239	44.01074015609252
-6.289651664622132	37.69004253851713	50.28101811943962
-6.289550490634754	43.70358537079672	44.26737411317265
-6.2891971351468445	43.96021952572528	50.29357190993577
-6.288843437202662	49.98641526683496	50.55020777806149
-0.48827522066009316	2.794748625013561e-20	0.4882752206600931
-0.30655248327206625	0.25613262251194435	6.333605167939709
-0.2944605842819665	0.2690604164992611	12.591770782141877
-0.290318303310853	0.2733609744581919	18.86651325039142
-0.288229613664488	0.2755053250825789	25.145465517300256
-0.28697125615714036	0.2767894923031536	31.42610829975192
-0.2861303204747341	0.2776444604753115	37.70759770307694
-0.28552869349611615	0.27825455282611494	43.9895712909271
-0.28507696291554696	0.27871177946037917	50.271847640891856
-0.05041986076012254	6.027052684667642	6.589737790451653
-0.03796624531338973	6.283185307179586	12.604336859672562
-0.03374074298398492	6.29573901764348	18.870742954058848
-0.031623204284498246	6.2999649989244535	25.147584741257976
-0.030351579709456376	6.3020826458515815	31.42738077693539
-0.029503468784957767	6.303354314143664	37.708446304898395
-0.028897528980913967	6.304202447417139	43.99017753900046
-0.02844300583541636	6.304808400264708	50.272302370186985
-0.025400167782706602	12.297310197859911	12.86083119864114
-0.021187032520091766	12.55381690389528	18.883296664522742
-0.019069462350629687	12.566370614359172	25.151810691068974
-0.017797815466531332	12.570596556809177	31.42949840891446
-0.01694969256924314	12.57271418471229	37.70971796529364
-0.01634374579359519	12.573985842763426	43.99102566764645
-0.015889218265361844	12.574833969958988	50.27290832010224
-0.0169573288526601	18.576194947080566	19.139874224849613
-0.014843512539631284	18.832776229793893	25.16436443300284
-0.013571873016528348	18.845329979088756	31.433724351364464
-0.012723749456330384	18.84955592153876	37.711835592533845
-0.012117801953547997	18.851673548515375	43.992297325234034
-0.011663273919896225	18.852945205902508	50.273756446992834
-0.01272428858190929	24.857235903635765	25.420970842382832
-0.011454241037459751	25.11384389004635	31.446278115607385
-0.010606122216126881	25.126397658365228	37.71606153564676
-0.010000174976932043	25.13062360174173	43.994414952210654
-0.009545646890643314	25.132741228718345	50.27502810432733
-0.010181763853986819	31.13913704359478	31.702897792055072
-0.00933446182088089	31.395757528933853	37.72861531186248
-0.008728517389340608	31.408311307493676	43.998640896050695
-0.008273989556145316	31.412537251534182	50.27714573135658
-0.008485859999422168	37.4214673826022	37.98524216355225
-0.007880388743361354	37.678094702839964	44.01119467923802
-0.0074258626655478435	37.6906484874777	50.281371675702054
-0.00727414067000165	43.70404259743099	44.26782584375322
-0.006819912750293718	43.96067405717198	50.2939254632721
-0.006365183455167959	49.98677067797631	50.550559420352236
5.794910086519493	6.283185307179586	6.77146052783968
5.9766328239075195	6.5393179296915305	12.616790475119295
5.9887247228976195	6.552245723678848	18.874956089321465
5.992867003868732	6.55654628163778	25.149698557571007
5.994955693515098	6.558690632262165	31.428650824479842
5.996214051022446	6.55997479948274	37.7092936069315
5.997054986704852	6.560829767654898	43.99078301025653
5.99765661368347	6.561439860005701	50.27275659810669
6.232765446419464	12.310237991847229	12.872923097631238
6.245219061866198	12.566370614359172	18.887522166852147
6.249444564195601	12.578924324823065	25.153928261238434
6.251562102895088	12.58315030610404	31.430770048437562
6.252833727470131	12.585267953031169	37.71056608411498
6.253681838394628	12.58653962132325	43.99163161207799
6.254287778198672	12.587387754596726	50.27336284618005
6.257785139396881	18.580495505039497	19.144016505820726
6.261998274659495	18.837002211074864	25.16648197170233
6.264115844828955	18.84955592153876	31.434995998248564
6.265387491713054	18.85378186398876	37.71268371609405
6.266235614610342	18.855899491891876	43.99290327247323
6.266841561385992	18.857171149943014	50.27421097482603
6.266227978326925	24.859380254260152	25.4230595320292
6.268341794639955	25.115961536973476	31.44754974018243
6.269613434163057	25.128515286268343	37.71690965854405
6.270461557723256	25.132741228718345	43.99502089971343
6.271067505226039	25.13485885569496	50.27548263241362
6.270461018597676	31.14042121081535	31.70415614956242
6.2717310661421255	31.397029197225937	37.72946342278697
6.272579184963459	31.409582965544814	43.999246842826345
6.273185132202654	31.413808908921315	50.27760025939024
6.2730035433256	37.422322350774365	37.986083099234655
6.273850845358706	37.67894283611344	44.01180061904206
6.274456789790245	37.69149661467326	50.28182620323029
6.274699447180164	43.704652689781796	44.26842747073184
6.275304918436225	43.96128001001955	50.2943799864176
6.275911166509586	49.98722790461058	50.55101115093281
12.07809539369908	12.566370614359172	13.054645835019265
12.259818131087107	12.822503236871118	18.89997578229888
12.271910030077205	12.835431030858434	25.15814139650105
12.276052311048318	12.839731588817365	31.432883864750593
12.278141000694685	12.841875939441751	37.711836131659425
12.279399358202031	12.843160106662326	43.99247891411109
12.280240293884438	12.844015074834484	50.273968317436115
12.51595075359905	18.593423299026814	19.156108404810826
12.528404369045782	18.84955592153876	25.170707474031733
12.532629871375187	18.862109632002653	31.437113568418024
12.534747410074674	18.866335613283628	37.71395535561715
12.536019034649717	18.868453260210753	43.993751391294566
12.536867145574213	18.869724928502837	50.27481691925757
12.540970446576466	24.863680812219084	25.427201813000313
12.545183581839082	25.12018751825445	31.449667278881915
12.547301152008542	25.132741228718345	37.718181305428146
12.548572798892641	25.136967171168347	43.995869023273634
12.549420921789928	25.139084799071462	50.276088579652814
12.549413285506512	31.14256556143974	31.706244839208786
12.551527101819541	31.399146844153062	37.73073504736202
12.552798741342645	31.41170059344793	44.00009496572363
12.553646864902843	31.41592653589793	50.27820620689302
12.553646325777263	37.42360651799494	37.98734145674201
12.554916373321712	37.68021450440552	44.01264872996656
12.555764492143046	37.6927682727244	50.28243215000593
12.556188850505185	43.70550765795395	44.26926840641424
12.557036152538291	43.96212814329303	50.29498592622165
12.55788475435975	49.98783799696138	50.55161277791142
18.36128070087868	18.84955592153876	19.337831142198837
18.54300343826669	19.105688544050704	25.183161089478467
18.55509533725679	19.11861633803802	31.441326703680637
18.559237618227904	19.12291689599695	37.71606917193018
18.56132630787427	19.12506124662134	43.99502143883901
18.562584665381618	19.12634541384191	50.275664221290675
18.799136060778636	24.8766086062064	25.439293711990413
18.81158967622537	25.132741228718345	31.45389278121132
18.815815178554775	25.14529493918224	37.72029887559761
18.817932717254262	25.149520920463214	43.99714066279674
18.819204341829302	25.15163856739034	50.27693669847415
18.824155753756052	31.14686611939867	31.7103871201799
18.82836888901867	31.403372825434037	37.732852586061504
18.83048645918813	31.41592653589793	44.00136661260773
18.831758106072225	31.420152478347934	50.27905433045322
18.832598592686097	37.425750868619325	37.98943014638837
18.834712408999128	37.68233215133265	44.013920354541604
18.83598404852223	37.69488590062751	50.28328027290322
18.83683163295685	43.70679182517453	44.270526763921595
18.8381016805013	43.963399811585106	50.29583403714614
18.839374157684773	49.98869296513354	50.55245371359383
24.644466008058252	25.132741228718345	25.621016449378438
24.826188745446277	25.38887385123029	31.466346396658054
24.838280644436377	25.401801645217606	37.724512010860224
24.84242292540749	25.406102203176538	43.999254479109766
24.844511615053857	25.408246553800925	50.2782067460186
25.082321367958222	31.159793913385986	31.72247901917
25.094774983404953	31.41592653589793	37.73707808839091
25.09900048573436	31.428480246361826	44.00348418277719
25.101118024433845	31.4327062276428	50.28032596997632
25.10734106093564	37.43005142657825	37.99357242735948
25.111554196198252	37.68655813261363	44.01603789324109
25.113671766367716	37.69911184307752	50.28455191978732
25.115783899865683	43.70893617579891	44.27261545356796
25.117897716178714	43.96551745851224	50.29710566172119
25.120016940136434	49.98997713235411	50.55371207110118
30.92765131523784	31.41592653589793	31.904201756558024
31.109374052625864	31.672059158409876	37.74953170383764
31.121465951615964	31.684986952397193	44.00769731803981
31.125608232587076	31.689287510356124	50.28243978628935
31.36550667513781	37.442979220565576	38.00566432634958
31.377960290584543	37.69911184307752	44.020263395570495
31.382185792913948	37.71166555354141	50.28666948995678
31.390526368115225	43.713236733757846	44.27675773453907
31.39473950337784	43.96974343979321	50.29922320042068
31.39896920704527	49.9921214829785	50.555800760747545
37.210836622417425	37.69911184307752	38.18738706373761
37.39255935980545	37.95524446558946	44.032717011017226
37.40465125879555	37.968172259576775	50.290882625219396
37.648691982317395	43.72616452774516	44.28884963352917
37.661145597764126	43.982297150257104	50.30344870275008
37.67371167529481	49.99642204093743	50.559943041718654
43.49402192959701	43.982297150257104	44.470572370917196
43.67574466698504	44.238429772769045	50.31590231819681
43.93187728949698	50.00934983492475	50.572034940708754
49.7772072367766	50.26548245743669	50.75375767809678